A1
0.651549
0.776509
0.746006
0.03868
A2
0.635009
0.865528
0.764876
0.03617
A3
0.727109
0.810829
0.744126
0.03677
A4
0.733309
0.713979
0.760056
0.03888
A5
0.643379
0.712349
0.791476
0.03928
A6
0.585059
0.804879
0.795266
0.03758
A7
0.683679
0.785409
0.801706
0.03667
A8
0.658199
0.839739
0.699676
0.03688
A9
0.719729
0.748939
0.697386
0.03868
A10
0.668819
0.687319
0.726886
0.03828
A11
0.574249
0.744979
0.748246
0.03748
A12
0.569499
0.838449
0.731976
0.03708
A13
0.622139
0.762939
0.690216
0.03647
A14
0.666869
0.874739
0.823536
0.03948
A15
0.712509
0.901479
0.763676
0.03948
A16
0.640759
0.930209
0.718526
0.03918
A17
A18
A19
A20
A21
A22
A23
A24
A25
A26
A27
A28
A29
A30
A31
A32
A33
A34
A35
A36
A37
A38
A39
A40
A41
A42
A43
A44
A45
A46
A47
A48
A49
A50
A51
A52
A53
A54
A55
A56
xxxx
0.551529
0.569329
0.620739
0.736989
0.800079
0.812249
0.760279
0.804159
0.768189
0.7261010
0.7526010
0.8046110
0.8208010
0.673999
0.5757410
0.5651110
0.6591510
0.6344110
0.504489
0.501949
0.614849
0.5190710
0.712859
0.7280610
0.6267710
0.5727610
0.6588110
0.6907510
0.7371610
0.7933210
0.6380810
0.5879910
0.6808310
0.4888610
0.5427110
0.4958010
0.5391510
0.4855810
0.5945310
0.5973710
yyyy
0.929869
0.896559
0.954699
0.875769
0.782759
0.750149
0.820759
0.845619
0.722199
0.648199
0.622489
0.687199
0.654069
0.721239
0.740129
0.676859
0.620369
0.6433510
0.771339
0.868249
0.817019
0.8388810
0.7932510
0.813129
0.828639
0.902909
0.905469
0.736919
0.658979
0.720929
0.672349
0.654639
0.596189
0.806919
0.731099
0.712379
0.824969
0.899059
0.750899
0.9086910
zzzz
0.751066
0.815686
0.787706
0.696836
0.694386
0.757496
0.800586
0.739836
0.816956
0.805397
0.740516
0.712366
0.773387
0.850536
0.841376
0.794546
0.771206
0.834887
0.799136
0.781396
0.853566
0.845756
0.859266
0.650826
0.641326
0.683736
0.652436
0.638426
0.678126
0.650396
0.669726
0.729556
0.708177
0.734196
0.692156
0.753356
0.673836
0.714406
0.632846
0.870617
A57
A58
A59
A60
A61
A62
A63
A64
A65
A66
A67
A68
A69
A70
A71
A72
A73
A74
A75
A76
A77
A78
A79
A80
A81
A82
A83
A84
A85
A86
A87
A88
A89
A90
A91
A92
A93
A94
A95
A96
xxxx
0.7004910
0.7484510
0.6511410
0.5505610
0.473399
0.5232610
0.7918010
0.8154610
0.7586811
0.6170610
0.4777710
0.4343110
0.4581910
0.5693510
0.6757010
0.8561410
0.8635610
0.8013910
0.7099310
0.5425511
0.4702610
0.4174910
0.4169710
0.5016110
0.5926810
0.7036510
0.7684010
0.8808810
0.7986310
0.7091910
0.5853511
0.4492510
0.4430010
0.5424110
0.7591810
0.8307310
0.8459510
0.7386110
0.5043810
0.4972510
yyyy
0.950059
0.868769
0.7692410
0.7841710
0.9307210
0.9932310
0.894599
0.7808710
0.6991710
0.6936810
0.7612810
0.8426710
0.9629510
0.011589
0.9929010
0.8059510
0.7074310
0.6287210
0.6333610
0.6688610
0.6966710
0.7902110
0.8813910
0.985939
0.986849
0.963889
0.9429610
0.7174210
0.566029
0.5649210
0.5868610
0.7515610
0.8445710
0.8912610
0.8919710
0.8602010
0.5874110
0.5385710
0.6580610
0.7681010
zzzz
0.817336
0.855326
0.906056
0.896077
0.827996
0.796137
0.800517
0.844007
0.878647
0.894647
0.859887
0.822807
0.766256
0.739057
0.741717
0.788327
0.804827
0.836827
0.869757
0.861317
0.816447
0.774177
0.761557
0.709237
0.675416
0.678167
0.724837
0.709967
0.783957
0.814567
0.773057
0.696667
0.683747
0.629157
0.636007
0.676517
0.727607
0.748477
0.701597
0.641267
A97
A98
A99
A100
A101
A102
A103
A104
A105
A106
A107
A108
A109
A110
A111
A112
A113
A114
A115
A116
A117
A118
A119
A120
A121
A122
A123
A124
A125
A126
A127
A128
A129
A130
A131
A132
A133
S1
C10
C11
xxxx
0.6933810
0.8184610
0.7832510
0.6017210
0.5507810
0.6522610
0.7491910
0.8312210
0.7135411
0.6654411
0.7608010
0.6164411
0.4966012
0.5921812
0.7429211
0.7527611
0.3776110
0.5081414
0.8660611
0.9210711
0.9286312
0.8788310
0.6339411
0.6041811
0.4453311
0.3600810
0.4127411
0.4876912
0.5990312
0.7796311
0.8226711
0.8944011
0.7842112
0.5688311
0.5686511
0.6292711
0.6527412
0.60616
0.5473
0.5412
yyyy
0.8551810
0.7986010
0.563869
0.598709
0.6737510
0.7786410
0.7616810
0.6266010
0.5990410
0.6698410
0.6651310
0.8685611
0.9012113
0.0088011
0.7972511
0.0042610
0.9438010
0.7156715
0.6743711
0.6309912
0.7891512
0.8852310
0.0574510
0.9569711
0.9481112
0.8385711
0.6854811
0.5918112
0.5628711
0.5359810
0.5670510
0.7040711
0.8528512
0.8529410
0.7330610
0.5800610
0.5134111
0.94156
0.9813
0.0242
zzzz
0.598687
0.627767
0.692487
0.678857
0.645307
0.585176
0.594017
0.664347
0.643707
0.606797
0.613967
0.936537
0.898148
0.843877
0.917577
0.783387
0.819077
0.922538
0.867437
0.752148
0.677898
0.735567
0.687457
0.603527
0.660777
0.720647
0.759807
0.808208
0.844418
0.856727
0.617627
0.635728
0.570327
0.560777
0.575467
0.614777
0.726048
0.91684
0.930819
0.920315
C12
C13
C14
C15
C16
C17
C18
C19
S2
C20
C21
C22
C23
C24
C25
C26
C27
C28
C29
S3
C30
C31
C32
C33
C34
C35
C36
C37
C38
C39
S4
C40
C41
C42
C43
C44
C45
C46
C47
C48
xxxx
0.4973
0.4673
0.4762
0.5162
0.4223
0.3953
0.4313
0.3853
0.66527
0.6762
0.7163
0.7223
0.6903
0.6493
0.6403
0.7062
0.7463
0.7143
0.6643
0.73626
0.7892
0.8332
0.8702
0.8663
0.8253
0.7843
0.9174
0.9313
0.9043
0.9543
0.46268
0.4023
0.3683
0.3234
0.3063
0.3403
0.3862
0.2574
0.2394
0.2516
yyyy
0.0553
0.0453
0.0002
0.9673
0.0763
0.0953
0.1172
0.0553
0.99656
0.0532
0.0563
0.1023
0.1393
0.1353
0.0923
0.1813
0.1843
0.2013
0.2164
0.87596
0.8712
0.8582
0.8562
0.8642
0.8833
0.8873
0.8524
0.8043
0.8803
0.8693
0.97147
0.9913
0.0213
0.0373
0.0223
0.9853
0.9722
0.0424
0.0074
0.0786
zzzz
0.929118
0.947719
0.959315
0.951315
0.962117
0.933118
0.977316
0.984016
0.86074
0.858314
0.864217
0.866316
0.862218
0.855616
0.855116
0.864814
0.8822
0.833517
0.8802
0.90994
0.926215
0.910416
0.924215
0.956117
0.9692
0.957018
0.9692
0.9782
0.9992
0.9502
0.87604
0.889618
0.8742
0.8872
0.911819
0.928917
0.917614
0.9253
0.9453
0.9474
C49
S5
C50
C51
C52
C53
C54
C55
C56
C57
C58
C59
S6
C60
C61
C62
C63
C64
C65
C66
C67
C68
C69
S7
C70
C71
C72
C73
C74
C75
C76
C77
C78
C79
S8
C80
C81
C82
C83
C84
xxxx
0.2286
0.51267
0.5112
0.5042
0.5022
0.5073
0.5143
0.5153
0.5023
0.4644
0.5544
0.4974
0.82396
0.8282
0.8452
0.8492
0.8412
0.8283
0.8232
0.8393
0.8234
0.8124
0.8844
0.85707
0.9142
0.9443
0.9862
0.0063
0.9773
0.9313
0.0583
0.0553
0.0863
0.0693
0.75416
0.8093
0.8312
0.8702
0.8902
0.8703
yyyy
0.0455
0.04396
0.1033
0.1334
0.1763
0.1853
0.1544
0.1124
0.2393
0.2584
0.2404
0.2694
0.95846
0.9772
0.0172
0.0322
0.0112
0.9713
0.9512
0.0244
0.0034
0.0694
0.0234
0.74647
0.7502
0.7282
0.7362
0.7623
0.7773
0.7743
0.7643
0.7913
0.7133
0.7833
0.71946
0.7003
0.7233
0.7072
0.6602
0.6263
zzzz
0.8983
0.83874
0.8273
0.849118
0.8392
0.8123
0.789519
0.8002
0.7992
0.7792
0.7832
0.8263
0.79574
0.834514
0.835616
0.863116
0.889315
0.887318
0.859215
0.9273
0.9523
0.9263
0.9282
0.88654
0.879515
0.902516
0.901515
0.879517
0.855918
0.856417
0.8772
0.905119
0.8782
0.8482
0.93094
0.947917
0.959415
0.972914
0.970715
0.954718
C85
C86
C87
C88
C89
S9
C90
C91
C92
C93
C94
C95
C96
C97
C98
C99
S10
C100
C101
C102
C103
C104
C105
C106
C107
C108
C109
S11
C110
C111
C112
C113
C114
C115
C116
C117
C118
C119
S12
C120
xxxx
0.8343
0.9404
0.9683
0.9285
0.9624
0.37926
0.3272
0.2883
0.2413
0.2453
0.2792
0.3233
0.1973
0.2053
0.1573
0.1784
0.37596
0.3662
0.3973
0.3833
0.3343
0.3063
0.3142
0.3274
0.3504
0.2763
0.3434
0.58207
0.5342
0.4904
0.4543
0.4563
0.4943
0.5373
0.4104
0.4203
0.3784
0.4054
0.68106
0.6882
yyyy
0.6503
0.6344
0.6055
0.6105
0.6694
0.89186
0.8772
0.9053
0.8963
0.8543
0.8242
0.8352
0.8433
0.7973
0.8743
0.8384
0.99436
0.0492
0.0722
0.1173
0.1383
0.1142
0.0692
0.1924
0.1904
0.2102
0.2213
0.08516
0.1242
0.1164
0.1473
0.1923
0.2003
0.1672
0.2254
0.2693
0.2374
0.2063
0.05206
0.1022
zzzz
0.9442
0.9852
0.9623
0.0103
0.9902
0.86004
0.863315
0.878216
0.882218
0.874317
0.858015
0.855115
0.8742
0.893519
0.891919
0.8443
0.77784
0.793114
0.792215
0.799519
0.814617
0.814814
0.806315
0.8243
0.8512
0.835819
0.8002
0.72994
0.715614
0.7162
0.706418
0.696918
0.695817
0.703815
0.6863
0.6742
0.7123
0.6572
0.77444
0.751315
C121
C122
C123
C124
C125
C126
C127
C128
C129
S13
C130
C131
C132
C133
C134
C135
C136
C137
C138
C139
S14
C140
C141
C142
C143
C144
C145
C146
C147
C148
C149
S15
C150
C151
C152
C153
C154
C155
C156
C157
xxxx
0.6773
0.6723
0.6823
0.7022
0.704016
0.6894
0.6423
0.7026
0.7133
0.92246
0.945319
0.9862
0.0052
0.9832
0.9452
0.9212
0.0022
0.9924
0.0563
0.9883
0.88116
0.8883
0.8553
0.8683
0.9123
0.9444
0.9374
0.9222
0.9653
0.8833
0.9233
0.71706
0.7353
0.7362
0.7503
0.7643
0.7613
0.7463
0.7713
0.8183
yyyy
0.1423
0.1873
0.1853
0.1462
0.1032
0.2313
0.2464
0.2574
0.2262
0.82226
0.856918
0.8632
0.8892
0.9122
0.9022
0.8782
0.9432
0.9844
0.9233
0.9493
0.60236
0.5633
0.5593
0.5242
0.4903
0.4963
0.5333
0.4443
0.4143
0.4262
0.4663
0.55916
0.5553
0.5973
0.5913
0.5483
0.5143
0.5133
0.5563
0.5624
zzzz
0.7702
0.7582
0.725219
0.708315
0.722714
0.703917
0.6963
0.7252
0.674218
0.76144
0.787213
0.774215
0.792113
0.818115
0.828016
0.813314
0.834616
0.8172
0.833818
0.868919
0.84674
0.877817
0.898317
0.918417
0.918118
0.8972
0.8762
0.942716
0.9312
0.9432
0.970518
0.89474
0.933317
0.946316
0.976315
0.9902
0.974317
0.947118
0.0252
0.0242
C158
C159
S16
C160
C161
C162
C163
C164
C165
C166
C167
C168
C169
S17
C170
C171
C172
C173
C174
C175
C176
C177
C178
C179
S18
C180
C181
C182
C183
C184
C185
C186
C187
C188
C189
S19
C190
C191
C192
C193
xxxx
0.7783
0.7324
0.43427
0.3782
0.3714
0.3263
0.2893
0.3004
0.3423
0.2403
0.2403
0.2064
0.2284
0.36686
0.3113
0.2893
0.2453
0.2223
0.2483
0.2933
0.1712
0.1434
0.1533
0.1723
0.35296
0.2992
0.2923
0.2482
0.2183
0.2243
0.2683
0.1663
0.1633
0.1754
0.1273
0.45617
0.3972
0.3733
0.3283
0.3122
yyyy
0.5103
0.5884
0.64197
0.6462
0.6183
0.6153
0.6513
0.6793
0.6782
0.6493
0.6373
0.6914
0.6084
0.74526
0.7643
0.7393
0.7653
0.8133
0.8383
0.8113
0.8332
0.8054
0.8863
0.8293
0.91417
0.9342
0.9252
0.949818
0.9822
0.9913
0.9682
0.0102
0.9893
0.0563
0.0124
0.01927
0.0542
0.0813
0.1072
0.1043
zzzz
0.039018
0.043416
0.84164
0.833615
0.8112
0.807519
0.819917
0.8402
0.846714
0.8142
0.7792
0.8222
0.8302
0.79024
0.775918
0.760616
0.752516
0.755419
0.769016
0.777316
0.746916
0.7683
0.7532
0.711618
0.73274
0.757317
0.786417
0.801514
0.787118
0.7552
0.742118
0.807117
0.839517
0.8122
0.7872
0.66874
0.6822
0.660017
0.6702
0.6992
C194
C195
C196
C197
C198
C199
S20
C200
C201
C202
C203
C204
C205
C206
C207
C208
C209
S21
C210
C211
C212
C213
C214
C215
C216
C217
C218
C219
S22
C220
C221
C222
C223
C224
C225
C226
C227
C228
C229
S23
xxxx
0.3354
0.3833
0.2572
0.2354
0.2624
0.2304
0.55727
0.5782
0.5573
0.5683
0.5923
0.6133
0.6042
0.5985
0.6464
0.5714
0.5764
0.84326
0.8512
0.813416
0.8153
0.8613
0.8953
0.8913
0.8634
0.9095
0.8325
0.8575
0.95727
0.9973
0.0142
0.0474
0.0603
0.0363
0.0033
0.0984
0.1004
0.0824
0.1395
0.84227
yyyy
0.0793
0.0523
0.1373
0.1553
0.1724
0.1103
0.02037
0.0682
0.1043
0.1463
0.1483
0.1073
0.0673
0.1954
0.1974
0.2395
0.2064
0.95336
0.0032
0.0442
0.0843
0.0803
0.0393
0.9993
0.1313
0.1213
0.1655
0.1283
0.72477
0.6803
0.6412
0.5994
0.6103
0.6523
0.6933
0.5693
0.5814
0.5304
0.5675
0.51346
zzzz
0.720518
0.7102
0.7122
0.6882
0.7372
0.7292
0.62974
0.615215
0.6352
0.622318
0.595418
0.574719
0.587116
0.5783
0.5813
0.5973
0.5463
0.71014
0.726915
0.730012
0.740719
0.753117
0.752817
0.740216
0.7663
0.7553
0.7523
0.7982
0.70595
0.6802
0.693616
0.6842
0.6502
0.6372
0.6522
0.6272
0.5962
0.6362
0.6413
0.81904
C230
C231
C232
C233
C234
C235
C236
C237
C238
C239
S24
C240
C241
C242
C243
C244
C245
C246
C247
C248
C249
S25
C250
C251
C252
C253
C254
C255
C256
C257
C258
C259
S26
C260
C261
C262
C263
C264
C265
C266
xxxx
0.8442
0.8613
0.8743
0.8693
0.8553
0.8432
0.8844
0.8995
0.9074
0.8324
0.53497
0.5684
0.5903
0.6123
0.6093
0.5833
0.5613
0.6454
0.6975
0.6334
0.6144
0.36706
0.3443
0.3662
0.3463
0.2942
0.2743
0.2922
0.2773
0.2474
0.3093
0.2534
0.41187
0.3523
0.3234
0.2763
0.2543
0.2843
0.3313
0.1973
yyyy
0.4592
0.4223
0.3743
0.3634
0.3963
0.4412
0.3064
0.2994
0.2773
0.3034
0.54037
0.4914
0.4513
0.4083
0.4013
0.4373
0.4793
0.3514
0.3465
0.3534
0.3204
0.76506
0.7763
0.7722
0.7772
0.7892
0.7962
0.7912
0.7983
0.7684
0.7983
0.8514
0.89436
0.9213
0.8974
0.9113
0.9583
0.9863
0.9683
0.9903
zzzz
0.809716
0.830818
0.8272
0.7972
0.7792
0.781616
0.7863
0.7553
0.8113
0.7963
0.77285
0.7903
0.7682
0.7822
0.8132
0.8322
0.815619
0.8202
0.8053
0.8562
0.8132
0.70434
0.6722
0.642715
0.615016
0.614116
0.644617
0.672216
0.5822
0.5863
0.555115
0.5862
0.64314
0.648516
0.6462
0.648919
0.651317
0.654019
0.650516
0.6542
C267
C268
C269
S27
C270
C271
C272
C273
C274
C275
C276
C277
C278
C279
S28
C280
C281
C282
C283
C284
C285
C286
C287
C288
C289
S29
C290
C291
C292
C293
C294
C295
C296
C297
C298
C299
S30
C300
C301
C302
xxxx
0.1843
0.1813
0.1745
0.90526
0.938419
0.9242
0.9443
0.9753
0.9893
0.9662
0.0094
0.9793
0.0304
0.0494
0.92856
0.9573
0.9964
0.0154
0.9965
0.9586
0.9435
0.0224
0.0034
0.0114
0.0704
0.71457
0.7442
0.7714
0.7943
0.7933
0.7664
0.7453
0.8263
0.8704
0.8375
0.7984
0.45106
0.4012
0.3883
0.3503
yyyy
0.9703
0.0413
0.9734
0.85646
0.894719
0.9382
0.9703
0.9593
0.9163
0.8812
0.9894
0.0393
0.9804
0.9834
0.56887
0.5213
0.4934
0.4574
0.4455
0.4726
0.5095
0.4044
0.4074
0.3644
0.4014
0.47166
0.4323
0.4384
0.4055
0.3614
0.3553
0.3894
0.3193
0.3224
0.2734
0.3175
0.62266
0.6252
0.6563
0.6593
zzzz
0.626717
0.6603
0.6823
0.65025
0.662313
0.650714
0.655117
0.675118
0.686818
0.682114
0.6863
0.685819
0.7173
0.6592
0.72105
0.742919
0.7342
0.7503
0.7773
0.7864
0.7674
0.7992
0.8322
0.7893
0.7963
0.75305
0.723116
0.6973
0.680019
0.6872
0.7123
0.730317
0.6622
0.6472
0.6763
0.6383
0.72814
0.707914
0.681916
0.6682
C303
C304
C305
C307
C306
C308
C309
S31
C310
C311
C312
C313
C314
C315
C316
C317
C318
C319
S32
C320
C321
C322
C323
C324
C325
C326
C327
C328
C329
S33
C330
C331
C332
C333
C334
C335
C336
C337
C338
C339
xxxx
0.3183
0.3343
0.3713
0.2563
0.2714
0.2424
0.2745
0.49357
0.4642
0.4592
0.4392
0.4232
0.4312
0.4503
0.4043
0.3754
0.3703
0.4493
0.64317
0.6613
0.6413
0.6454
0.6714
0.6842
0.6812
0.6736
0.7074
0.6954
0.6304
0.81197
0.8643
0.886618
0.9252
0.9484
0.9263
0.8862
0.9974
0.0223
0.9893
0.0324
yyyy
0.6343
0.6053
0.6043
0.5983
0.6394
0.6773
0.6634
0.78196
0.7472
0.7052
0.6802
0.6902
0.7292
0.7603
0.6523
0.6314
0.6823
0.6163
0.90516
0.9393
0.9314
0.9634
0.9924
0.0013
0.9732
0.0346
0.0574
0.0004
0.0604
0.50996
0.4703
0.446218
0.4122
0.4044
0.4322
0.4662
0.3594
0.3383
0.3382
0.3904
zzzz
0.680717
0.704118
0.718719
0.6693
0.6613
0.6832
0.6333
0.58844
0.568815
0.584815
0.572015
0.541115
0.528115
0.539819
0.524419
0.5472
0.497618
0.511518
0.56644
0.535318
0.5102
0.4852
0.4863
0.515417
0.539315
0.4584
0.4632
0.4313
0.4523
0.65134
0.655213
0.629715
0.637318
0.662916
0.6872
0.681216
0.666119
0.6373
0.6973
0.6743
S34
C340
C341
C342
C343
C344
C345
C346
C347
C348
C349
S35
C350
C351
C352
C353
C354
C355
C356
C357
C358
C359
S36
C360
C361
C362
C363
C364
C365
C366
C367
C368
C369
S37
C370
C371
C372
C373
C374
C375
xxxx
0.55886
0.5223
0.5183
0.4963
0.4632
0.4603
0.4903
0.4253
0.4544
0.4033
0.3924
0.63536
0.6152
0.6493
0.6373
0.5943
0.5603
0.5722
0.5793
0.6193
0.5283
0.5743
0.79377
0.7692
0.7442
0.7303
0.7413
0.7653
0.7783
0.7193
0.7583
0.6833
0.6973
0.90996
0.9443
0.9603
0.9833
0.9853
0.9683
0.9422
yyyy
0.62566
0.5943
0.5603
0.5323
0.5342
0.5673
0.5943
0.5043
0.4604
0.5043
0.5194
0.80666
0.772116
0.7423
0.7163
0.7153
0.7492
0.7762
0.6873
0.6383
0.6793
0.7183
0.78158
0.7882
0.8302
0.8373
0.7973
0.7603
0.7493
0.8143
0.8183
0.8603
0.7803
0.63237
0.5913
0.6023
0.5733
0.5273
0.5143
0.5492
zzzz
0.60154
0.610718
0.584018
0.588518
0.612416
0.637218
0.634617
0.613519
0.6112
0.649018
0.5923
0.53414
0.509412
0.490717
0.469319
0.467017
0.485815
0.506313
0.441517
0.4372
0.452018
0.413318
0.54994
0.516715
0.506714
0.4742
0.4562
0.468719
0.5002
0.421614
0.398114
0.425314
0.411014
0.65704
0.626018
0.6012
0.5782
0.5862
0.611419
0.633516
C376
C377
C378
C379
S38
C380
C381
C382
C383
C384
C385
C386
C387
C388
C389
S39
C390
C391
C392
C393
C394
C395
C396
C398
C397
C399
S40
C400
C401
C402
C403
C404
C405
C406
C407
C408
C409
S41
C410
C411
xxxx
0.0084
0.0473
0.0403
0.9783
0.69666
0.7322
0.7352
0.7704
0.7933
0.7873
0.7632
0.8313
0.8265
0.8374
0.8774
0.64126
0.6302
0.6672
0.6633
0.6223
0.5892
0.5902
0.6153
0.6283
0.6483
0.5673
0.83147
0.8143
0.7752
0.7623
0.7943
0.8372
0.8483
0.7823
0.8213
0.7433
0.7774
0.62717
0.6762
0.6923
yyyy
0.4894
0.4523
0.5063
0.4673
0.52996
0.5092
0.4612
0.4312
0.4543
0.4993
0.521219
0.4313
0.4454
0.3823
0.4354
0.68316
0.6332
0.5912
0.5542
0.5572
0.5952
0.6352
0.5093
0.4713
0.4993
0.5173
0.62416
0.6152
0.6362
0.6282
0.5933
0.5762
0.5862
0.5923
0.5533
0.5713
0.6304
0.79607
0.7852
0.8203
zzzz
0.5602
0.5762
0.5382
0.5482
0.63004
0.595715
0.597615
0.5743
0.5532
0.556316
0.577116
0.5292
0.4972
0.5282
0.5313
0.55654
0.541013
0.543414
0.531115
0.518515
0.517013
0.527913
0.5042
0.5272
0.4732
0.491217
0.58324
0.546716
0.536415
0.505116
0.488719
0.498914
0.527416
0.4552
0.438119
0.4592
0.4362
0.95794
0.983714
0.988016
C412
C413
C414
C415
C416
C417
C418
C419
S42
C420
C421
C422
C423
C424
C425
C426
C427
C428
C429
S43
C430
C431
C432
C433
C434
C435
C436
C437
C438
C439
S44
C440
C441
C442
C443
C444
C445
C446
C447
C448
xxxx
0.7252
0.7413
0.7212
0.6902
0.7773
0.7503
0.8032
0.8132
0.51967
0.4723
0.4264
0.3893
0.4003
0.4484
0.4843
0.3703
0.3463
0.4033
0.3343
0.57668
0.5883
0.6163
0.6194
0.5914
0.5604
0.5592
0.5923
0.6324
0.5524
0.5913
0.43538
0.4003
0.4153
0.3803
0.3374
0.3193
0.3563
0.2973
0.2504
0.3184
yyyy
0.8092
0.7643
0.7353
0.7422
0.7573
0.7743
0.7043
0.7853
0.84307
0.8384
0.8574
0.8764
0.8815
0.8704
0.8484
0.9073
0.9573
0.9043
0.8843
0.66918
0.6863
0.6603
0.6714
0.7094
0.7454
0.7302
0.7263
0.6953
0.7254
0.7733
0.76179
0.7272
0.6783
0.6573
0.6693
0.7203
0.7463
0.6414
0.6693
0.5964
zzzz
0.008814
0.023917
0.017317
0.996615
0.047218
0.0772
0.053416
0.041017
0.93294
0.9582
0.949817
0.9733
0.0042
0.0102
0.9873
0.0372
0.0302
0.0612
0.0492
0.93904
0.974917
0.993318
0.0242
0.0343
0.0182
0.986314
0.0683
0.0813
0.0903
0.0722
0.90905
0.912015
0.914416
0.9212
0.9242
0.921515
0.915717
0.9342
0.9252
0.9193
C449
S45
C450
C451
C452
C453
C454
C455
C456
C457
C458
C459
S46
C460
C461
C462
C463
C464
C465
C466
C467
C468
C469
S47
C470
C471
C472
C474
C473
C475
C476
C477
C478
C479
S48
C480
C481
C482
C483
C484
xxxx
0.2973
0.94237
0.9782
0.9962
0.0243
0.0403
0.0153
0.9863
0.0753
0.0764
0.1215
0.0515
0.68626
0.7322
0.7742
0.8103
0.7993
0.7583
0.7243
0.8373
0.8793
0.8243
0.8463
0.66497
0.6872
0.6643
0.6863
0.7514
0.7283
0.7303
0.7573
0.8103
0.7415
0.7374
0.53207
0.5543
0.5233
0.5373
0.5853
0.6183
yyyy
0.6333
0.67877
0.6393
0.5993
0.5653
0.5823
0.6283
0.6623
0.5473
0.4994
0.5654
0.5574
0.02816
0.0582
0.0372
0.0563
0.0973
0.1203
0.0992
0.1273
0.0973
0.1733
0.1363
0.51057
0.4682
0.4633
0.4283
0.4093
0.4013
0.4443
0.3623
0.3394
0.3215
0.3784
0.59697
0.580718
0.5773
0.5603
0.5403
0.5463
zzzz
0.9702
0.78525
0.812116
0.805317
0.8232
0.850318
0.8542
0.8362
0.870219
0.8693
0.8713
0.9053
0.64464
0.640814
0.652315
0.648317
0.634816
0.625118
0.627115
0.630819
0.613819
0.616818
0.664018
0.81995
0.851515
0.8782
0.898419
0.8632
0.8902
0.8432
0.9132
0.9033
0.9044
0.9472
0.87724
0.915216
0.9382
0.969017
0.9692
0.944419
C485
C486
C487
C488
C489
S49
C490
C491
C492
C493
C494
C495
C496
C497
C498
C499
S50
C500
C501
C502
C503
C504
C505
C506
C507
C508
C509
S51
C510
C511
C512
C513
C514
C515
C516
C517
C518
C519
S52
C520
xxxx
0.6003
0.5994
0.6496
0.5723
0.5854
0.89716
0.899113
0.8973
0.8983
0.9144
0.9213
0.9172
0.9273
0.9383
0.8893
0.9703
0.77637
0.8373
0.8383
0.8813
0.9203
0.9203
0.8743
0.9734
0.9664
0.0125
0.9834
0.50167
0.5002
0.4632
0.4513
0.4843
0.5253
0.5293
0.4803
0.5123
0.4702
0.4323
0.58977
0.6093
yyyy
0.563812
0.5184
0.4956
0.4873
0.5545
0.76927
0.7513
0.7103
0.6953
0.7204
0.7603
0.7773
0.6973
0.7313
0.6803
0.6573
0.92697
0.9283
0.9733
0.9843
0.9503
0.9033
0.8933
0.9514
0.0014
0.9255
0.9394
0.90177
0.9602
0.9902
0.0413
0.0513
0.0153
0.9683
0.1003
0.1123
0.1322
0.1163
0.52787
0.4823
zzzz
0.920017
0.0003
0.9964
0.0162
0.0252
0.60594
0.567017
0.558219
0.5292
0.5003
0.5132
0.543917
0.470015
0.446315
0.460915
0.472215
0.58824
0.579519
0.584419
0.574518
0.564817
0.569618
0.578816
0.5603
0.5552
0.5793
0.5232
0.58414
0.570216
0.584014
0.577317
0.553318
0.539818
0.549418
0.543119
0.5182
0.571315
0.527716
0.69655
0.666619
C521
C522
C523
C524
C525
C526
C527
C528
C529
xxxx
0.6443
0.6544
0.6253
0.5873
0.5803
0.6323
0.5923
0.6734
0.6474
yyyy
0.4423
0.4103
0.4093
0.4503
0.4863
0.3673
0.3733
0.3703
0.3243
zzzz
0.671918
0.6512
0.627919
0.624617
0.6452
0.6022
0.584719
0.5862
0.6222
